#define QP_SOLVER_PRINTING
#include "gtest/gtest.h"
#include "qp_solver.hpp"
#include <Eigen/IterativeLinearSolvers>

using namespace qp_solver; 
const double inf = std::numeric_limits<double>::infinity();

template <typename _Scalar=double>
class _QP0018 : public QP<50, 51, _Scalar>
{
public:
	_QP0018()
	{
		this->P <<  7.8618e-01,-1.9836e+01,-1.9620e+01,-7.2272e+00,-2.0046e+01,-1.1512e+01, 1.1177e+01, 8.6088e+00,-7.4068e+00,-3.5318e+01, 1.9520e+01,-2.2548e+01, 3.7629e+01,-1.6864e+01,-5.7524e+00,-2.6885e+00,-3.3372e+01, 1.2636e+01,-1.5563e+01,-1.9340e+01,-3.0289e+01,-3.0007e+01, 7.5340e+00,-3.2946e+01, 2.2680e+01, 3.9668e+01,-1.2523e+01, 2.9761e+01,-3.1860e+01,-8.6072e+00,-2.1179e+01, 2.4386e+01, 2.2628e+01,-2.0200e+01, 1.2864e+01,-3.6506e+01,-6.2664e+00,-9.9580e+00, 1.7770e+01,-1.4766e+01, 3.1227e+01, 2.9424e+01,-2.3305e+01,-2.9304e-02,-1.5818e+01,-2.2977e+01,-2.8086e+01, 4.2900e+01, 1.0464e-01,-3.2688e+01,
       -1.9836e+01, 5.9298e-01, 1.8088e+01,-1.6206e+01,-1.1717e+01, 1.5855e+01,-1.2332e+01,-1.7027e+00,-2.5840e+01, 2.7044e+01, 1.2452e+01,-2.2787e+01, 2.7590e+01,-1.0601e+01,-3.7239e+00,-2.6447e+01,-4.8616e+00,-1.3294e+01,-1.6782e+01,-2.5213e+01,-1.8072e+01, 1.0778e+01,-1.4275e+01, 1.5473e+01,-1.2412e+00, 1.0728e+00,-3.7267e+01, 3.8784e+00,-3.6762e+01, 2.3242e+00,-3.6201e+01, 3.0608e+01,-3.3100e+01,-3.5837e+01, 1.5220e+01,-1.6774e+01,-2.7663e+01,-1.3255e+01, 1.5970e-01,-5.1160e+00,-3.5682e+01,-7.6276e+00,-2.3224e+01,-2.9056e+01,-1.3084e+01, 1.5122e+01,-1.7659e+01, 2.1602e+01,-1.7361e+01,-1.5531e+01,
       -1.9620e+01, 1.8088e+01, 2.5712e+00,-1.3419e+01,-2.3060e+01,-2.1820e+01,-9.3924e+00,-2.1993e+01, 3.4467e+01,-1.1156e+01,-2.3414e+01, 3.2462e+00,-2.8959e+01,-9.8188e-02,-8.1656e-01, 3.7474e+01, 2.7915e+01,-1.7671e+01, 2.2175e+01, 3.5529e-01,-5.1008e+00, 2.5123e+01,-1.2306e+01, 2.8636e+01,-2.2518e+01,-2.5068e+01,-5.6348e+00, 2.2771e+01,-2.0431e+00,-6.3244e+00, 4.1432e+01,-4.4472e+00,-1.7453e+01, 3.8173e+01,-5.1216e+00, 6.7328e+00,-2.1470e+01,-1.4234e+01, 2.7557e+01,-2.8350e+01,-1.4636e+01,-1.4053e+01,-2.2687e+01,-1.2147e+01,-8.1900e+00,-1.0022e+01,-8.8944e+00, 7.7272e+00,-2.4939e+01,-2.5477e+01,
       -7.2272e+00,-1.6206e+01,-1.3419e+01, 4.6316e-01,-2.6023e+00,-1.0310e+01,-1.1741e-01,-3.8031e+01, 3.3779e+01, 8.1480e-01,-7.5876e+00, 1.4664e+01,-2.8664e+01,-3.5694e+01,-1.0364e+01, 1.6764e+01, 8.1976e+00,-2.6986e+01, 2.1951e+00,-2.0196e+01,-8.9520e+00,-2.2188e+01,-9.0240e-01, 3.2403e+01,-1.7749e+01, 2.7222e+01,-3.4156e+01,-3.3108e+01,-1.9025e+01, 2.5040e+01,-3.1448e+01,-1.2064e+01,-9.6824e+00,-3.0040e+01, 8.1644e-02,-3.2835e+01, 3.4432e+01, 1.1974e+00, 2.0160e+01,-2.8209e+01,-1.0348e+01,-9.8804e+00,-6.4944e+00,-8.7620e+00, 2.1612e+01,-1.0134e+01,-2.6044e+01,-3.0233e+01,-1.5618e+01,-2.1027e+01,
       -2.0046e+01,-1.1717e+01,-2.3060e+01,-2.6023e+00, 3.5992e+00,-1.7674e+01, 3.8083e-01, 4.3932e+01,-3.2433e+01,-8.2032e+00,-2.0484e+01,-3.2562e+00,-3.1147e+01, 3.8198e+00,-1.3909e+00,-2.3820e+01,-2.9511e+01, 1.2808e+01,-1.2636e+01,-9.6660e+00,-6.7784e+00,-1.8804e+01, 2.3850e+01,-5.6104e+00, 2.3476e+01,-9.3024e-01, 3.2632e+01,-2.7606e+00,-2.5516e+01, 1.7866e+00, 8.8884e+00,-2.9888e+01,-6.5936e+00, 9.6028e+00, 2.4543e+01,-1.8802e+01, 3.8458e+01,-2.6702e+01, 2.8385e+01, 4.2724e+00,-9.9668e+00,-3.4199e+01, 4.1960e+00,-3.4678e+01,-3.2167e+01,-8.1864e+00,-2.5126e+01,-2.4829e+01,-3.0013e+01,-2.8565e+01,
       -1.1512e+01, 1.5855e+01,-2.1820e+01,-1.0310e+01,-1.7674e+01, 3.8346e+00,-5.1336e+00, 3.9569e+01,-2.5756e+01, 3.3626e+00, 1.9180e-01,-2.8722e+01,-1.3572e+01,-1.4293e+01,-4.2344e-01, 2.9648e+01,-3.2562e+01,-1.5570e+01, 1.4742e+00,-8.4740e+00,-3.2298e+00,-9.2828e+00, 2.7056e+00,-1.9156e+01,-3.9832e-01, 3.4042e+00,-3.3416e+01,-2.4755e+01, 2.7913e+01, 2.6598e+01,-3.2961e+01,-5.2916e+00,-3.2385e+01,-1.0694e+01,-5.2572e+00,-3.8263e+00, 3.5673e+01,-8.9432e+00,-2.7642e+00, 2.1669e+00,-2.8768e+01,-2.6471e+01,-2.9507e+00, 2.7425e+01,-7.2584e+00,-2.9825e+01,-2.4168e+01,-8.4796e+00, 3.7081e+01,-3.0156e+01,
        1.1177e+01,-1.2332e+01,-9.3924e+00,-1.1741e-01, 3.8083e-01,-5.1336e+00, 1.3025e+00,-1.6902e+01,-1.3194e+01,-2.2106e+01,-2.2405e+01, 3.1133e+00,-2.0172e-01,-3.7173e+01,-3.5468e+01,-5.1612e+00,-2.7787e+01,-2.1594e+01,-1.4954e+01,-3.3942e+01, 1.6983e+01, 3.1756e+01,-2.5604e+01, 1.6422e+00,-1.7276e+01,-1.2354e+01, 4.3324e+00,-2.9830e+01,-2.5148e+01,-3.3875e+01,-1.2778e+01,-7.4408e+00,-1.7284e+01,-1.7866e+01, 2.1759e+00, 1.6686e+01,-2.3280e+01,-8.8584e+00,-2.4830e+01,-1.3984e+01, 1.9446e+01, 4.0764e+01,-2.8253e+00,-3.3779e+01, 2.2780e+01, 3.8861e-01,-3.1724e+01,-2.2188e+01, 2.7040e+01,-1.5196e+01,
        8.6088e+00,-1.7027e+00,-2.1993e+01,-3.8031e+01, 4.3932e+01, 3.9569e+01,-1.6902e+01, 3.8828e-01,-1.1340e+01,-1.4392e+01,-1.8697e+01,-2.2156e+01,-2.2731e+01,-2.8634e+01,-7.8728e+00,-2.9693e+01,-5.0176e-01,-2.0998e+01, 2.3540e+01,-2.6192e+01,-1.1092e+01, 1.1263e+01,-1.8574e+01,-2.1160e+01,-5.2632e+00,-1.1454e+01, 8.1600e+00,-2.0390e+01,-1.6972e+01,-1.3478e+01,-1.3266e+01,-3.7341e+01, 2.3754e+01, 3.5759e+01,-1.3116e+01, 1.4889e+00, 2.7944e+01, 7.3508e+00,-1.4790e+01, 2.5189e+01,-2.1195e+01,-3.5464e+01,-1.6691e+01, 2.5058e+01,-3.1151e+01,-2.7669e+01,-2.8109e+01,-3.2769e+01,-9.8252e-01, 1.1471e+00,
       -7.4068e+00,-2.5840e+01, 3.4467e+01, 3.3779e+01,-3.2433e+01,-2.5756e+01,-1.3194e+01,-1.1340e+01, 1.0068e+00,-3.6789e+01,-1.5938e+01, 4.1764e+01,-6.6980e+00, 1.3089e+00,-1.4193e+00,-1.7973e+00,-1.3318e+01,-6.6168e+00,-1.5696e+01, 1.4184e+01,-1.9866e+00,-7.5052e+00,-3.5074e+01,-3.4484e+01, 2.9348e+01,-6.4632e-01, 3.0637e+01, 4.1716e+01,-1.0459e+01, 3.9942e+01,-3.7758e+01,-2.5362e+01,-3.8622e+01,-3.4858e+01,-2.7136e+00,-2.6903e+01,-2.1299e+01,-2.3642e+01,-9.8136e+00,-2.8506e+01,-2.2472e+01, 1.7142e+01, 1.0348e+01, 3.6442e+01,-6.8144e+00,-1.7177e+01,-1.3704e+01,-6.1336e-01,-5.7372e-01,-1.5875e+01,
       -3.5318e+01, 2.7044e+01,-1.1156e+01, 8.1480e-01,-8.2032e+00, 3.3626e+00,-2.2106e+01,-1.4392e+01,-3.6789e+01, 9.1650e-01,-2.2232e+01, 8.5052e+00,-2.7864e+01,-2.9762e+01, 2.6742e+01,-9.4488e+00, 1.1820e+00,-9.3060e+00,-1.0033e+01, 3.3312e+01,-1.7523e+01, 6.0900e-01, 1.3639e+01,-4.9044e+00, 5.7144e-01,-1.6807e+01,-9.5536e+00, 7.9192e+00,-3.3178e+01,-1.3072e+01,-1.6306e+01,-1.3863e+01,-3.3486e+01, 5.1968e+00, 3.3428e+01, 1.0633e+00,-4.0132e+00,-1.8097e+01, 3.6565e+01,-3.0400e+01, 3.3762e+01,-3.6899e+01,-1.4989e+01,-1.9142e+01,-2.3365e+00,-1.3384e+01, 9.7892e+00,-3.1214e+01,-1.6054e+01,-1.4326e+01,
        1.9520e+01, 1.2452e+01,-2.3414e+01,-7.5876e+00,-2.0484e+01, 1.9180e-01,-2.2405e+01,-1.8697e+01,-1.5938e+01,-2.2232e+01, 1.2955e+00,-2.5174e+01,-1.4144e+01,-3.1267e+01,-2.7719e+01, 4.0656e+01, 1.4910e+01, 1.3368e+01,-2.1162e+01,-1.3336e+01,-2.5341e+01, 5.5188e+00, 1.9134e+01,-2.9156e+01,-1.8158e+01,-6.9172e+00,-1.6957e+01,-5.0976e+00, 3.0004e+01,-2.0770e+01,-1.8942e+01, 1.2880e+01,-2.3383e+01, 2.0294e+00,-9.5864e+00,-1.4220e+01, 2.0846e-01,-1.9927e+01,-2.4787e+01, 1.0190e+01,-8.5132e+00,-1.5898e+01,-3.5450e+01,-3.5090e+01,-9.5364e+00, 6.6312e+00, 1.6635e+01,-1.6425e+01,-1.4419e+01,-1.4428e+01,
       -2.2548e+01,-2.2787e+01, 3.2462e+00, 1.4664e+01,-3.2562e+00,-2.8722e+01, 3.1133e+00,-2.2156e+01, 4.1764e+01, 8.5052e+00,-2.5174e+01, 2.5134e+00,-2.5252e+01,-3.3546e+01,-2.4165e+01,-1.0893e+01, 1.9460e+01, 4.4312e+01,-2.5611e+01,-1.1341e+01,-2.3863e+01,-4.8276e+00,-1.2362e+01, 4.4060e+01, 4.5892e+01,-2.3690e+01,-1.6750e-01,-3.6112e+00, 6.6472e+00, 4.0268e+01,-4.1600e+00, 1.9063e+01, 2.4652e-01,-2.5506e+01,-3.2729e+01,-7.5392e+00,-1.0406e+01,-1.3049e+01,-7.3984e+00, 3.2544e+01,-1.0226e+01,-2.2243e+01,-4.6984e+00,-2.2512e+01,-1.4829e+01,-1.1199e+01,-1.2042e+01,-1.9697e+01,-3.1397e+01,-1.2630e+01,
        3.7629e+01, 2.7590e+01,-2.8959e+01,-2.8664e+01,-3.1147e+01,-1.3572e+01,-2.0172e-01,-2.2731e+01,-6.6980e+00,-2.7864e+01,-1.4144e+01,-2.5252e+01, 3.8412e+00,-1.4397e+01,-1.9412e+01, 4.2012e+00,-3.0361e+01,-2.7122e+01,-3.0427e+01, 2.5296e+01, 2.0161e+01,-2.1579e+01, 4.6996e-01,-6.7168e+00, 4.5508e+01, 3.8567e+01,-2.5908e+01, 3.3068e+00,-4.8340e+00,-5.0776e+00,-1.8132e+01,-7.1544e+00,-2.7458e+01,-2.6005e+01,-8.0276e+00, 3.6340e+01,-2.7899e+01,-7.1864e+00,-3.0556e+01,-6.1852e+00,-9.5104e+00, 3.0557e+01,-5.6868e+00,-2.4920e+00, 2.3657e+01,-1.8232e+00,-1.4270e+01, 4.4916e+00,-1.4018e+01, 4.2024e+01,
       -1.6864e+01,-1.0601e+01,-9.8188e-02,-3.5694e+01, 3.8198e+00,-1.4293e+01,-3.7173e+01,-2.8634e+01, 1.3089e+00,-2.9762e+01,-3.1267e+01,-3.3546e+01,-1.4397e+01, 1.1109e+00,-2.8921e+01,-1.4980e+01,-3.2391e+01,-3.5001e+01,-9.0116e+00,-1.4872e+00,-2.4480e+01,-2.4188e+01, 2.2302e+01,-1.2963e+00, 1.5874e+01, 4.1564e+00,-2.7918e+01,-3.0146e+00,-1.5596e+01,-1.2109e+01,-2.1991e+01,-3.2913e+01,-2.9230e+01,-1.0228e+01, 1.4506e+01,-2.0301e+01, 3.5687e+01, 3.0798e+00,-2.7138e+01,-2.8904e+01,-3.7950e+01,-1.6758e+01,-2.0641e+01,-1.0234e+01, 1.2060e+01,-2.2541e+01,-6.0460e-01,-1.0969e+01,-3.3656e+01, 2.8333e+01,
       -5.7524e+00,-3.7239e+00,-8.1656e-01,-1.0364e+01,-1.3909e+00,-4.2344e-01,-3.5468e+01,-7.8728e+00,-1.4193e+00, 2.6742e+01,-2.7719e+01,-2.4165e+01,-1.9412e+01,-2.8921e+01, 9.5692e-01,-1.0168e+01, 1.6480e+01,-1.4403e+01,-1.5600e+00,-1.1594e+01, 6.6032e+00,-2.5124e+01,-1.6252e+01,-8.6944e+00, 2.9220e+01,-3.2719e+01,-2.3209e+01,-2.1640e+01,-2.9002e+01, 1.4110e+01,-2.8814e+01,-1.8263e+01, 2.5352e+00, 2.1556e+01,-3.2707e+01,-1.9437e+01, 3.5486e+01,-3.6631e+00,-2.7660e+01,-1.0449e+01,-6.3192e+00,-2.6826e+00, 3.8544e+01,-1.4373e+01,-2.9742e+01,-1.4863e+01,-1.2756e+01,-1.9450e+01,-1.3215e+01,-3.4166e+01,
       -2.6885e+00,-2.6447e+01, 3.7474e+01, 1.6764e+01,-2.3820e+01, 2.9648e+01,-5.1612e+00,-2.9693e+01,-1.7973e+00,-9.4488e+00, 4.0656e+01,-1.0893e+01, 4.2012e+00,-1.4980e+01,-1.0168e+01, 1.6067e+00, 5.4824e-01,-2.7127e+01, 1.6543e+01,-2.5813e+01,-5.5024e+00,-2.9106e+01, 2.0082e+01,-2.3438e+01, 9.2804e+00,-2.8211e+01,-1.3742e+01,-1.3100e+01, 3.9689e+01,-3.0021e+01,-3.3187e+01, 1.0495e+01,-1.5552e+01, 3.4782e+01, 4.0232e+01, 1.9597e+01,-1.6666e+01,-3.9605e+00,-8.1308e+00, 2.0460e+00,-3.1696e+01,-4.2564e+00,-7.9340e+00,-3.2110e+01,-1.9378e+01, 1.7658e+01, 2.8549e-01,-1.7985e+01,-3.0020e+01,-9.0544e+00,
       -3.3372e+01,-4.8616e+00, 2.7915e+01, 8.1976e+00,-2.9511e+01,-3.2562e+01,-2.7787e+01,-5.0176e-01,-1.3318e+01, 1.1820e+00, 1.4910e+01, 1.9460e+01,-3.0361e+01,-3.2391e+01, 1.6480e+01, 5.4824e-01, 1.1492e-01,-3.6569e+00,-5.1948e+00,-2.6398e+01, 1.0867e+01,-4.3340e+00,-1.1870e+01,-2.6984e+01,-2.7070e+01, 3.2541e+01,-5.8412e+00,-2.9772e+01,-1.0406e+01,-3.0800e+01,-2.0051e+01,-6.6584e+00,-1.0105e+01,-2.7225e+01,-3.0703e+01, 2.7422e+01,-2.6077e+01, 9.2024e-01,-3.7133e+01,-1.6879e+01,-3.6052e+01,-6.5604e+00,-2.3684e+01,-1.6701e+01, 4.1544e+01, 4.1908e+01,-3.5581e+01,-4.3460e+00, 2.6717e+01,-2.6695e+01,
        1.2636e+01,-1.3294e+01,-1.7671e+01,-2.6986e+01, 1.2808e+01,-1.5570e+01,-2.1594e+01,-2.0998e+01,-6.6168e+00,-9.3060e+00, 1.3368e+01, 4.4312e+01,-2.7122e+01,-3.5001e+01,-1.4403e+01,-2.7127e+01,-3.6569e+00, 1.8380e+00,-2.3634e+01,-1.5440e+01, 1.9717e+01, 1.6062e+01,-7.3708e+00,-2.3165e+01,-3.2312e+01,-2.9984e+01,-1.9964e+01,-1.2155e+01,-6.3016e+00,-1.0307e+01, 3.5640e+01,-2.4304e+01,-3.2176e+00,-2.7777e+01,-6.7600e+00,-2.4550e+01,-1.2969e+01, 5.2616e+00,-1.6500e+01,-1.2240e+01,-3.2860e+00,-1.3890e+00,-7.9240e+00, 2.5486e+01,-2.5936e+00,-2.6152e+01,-1.6257e+01,-1.3672e+01, 1.9112e+01,-3.2051e+01,
       -1.5563e+01,-1.6782e+01, 2.2175e+01, 2.1951e+00,-1.2636e+01, 1.4742e+00,-1.4954e+01, 2.3540e+01,-1.5696e+01,-1.0033e+01,-2.1162e+01,-2.5611e+01,-3.0427e+01,-9.0116e+00,-1.5600e+00, 1.6543e+01,-5.1948e+00,-2.3634e+01, 2.6858e+00,-2.5222e+01,-3.6720e+01,-2.6645e+01,-2.2821e+01, 4.5972e+01,-3.3538e+00,-2.8025e+01, 1.4595e+01, 4.4084e-01,-1.1548e+01,-1.7984e+00, 4.2032e+00,-6.5212e+00,-1.2581e+01,-8.6460e+00, 1.4488e+01,-1.2663e+01, 3.3266e+00,-2.8726e+01,-1.9198e+01,-1.4624e-01,-1.8686e+00,-1.0047e+01,-1.6510e+01,-8.9212e+00, 4.3096e+01,-1.8846e+01,-2.7988e+01,-2.4103e+01,-2.0881e+00,-1.5958e+01,
       -1.9340e+01,-2.5213e+01, 3.5529e-01,-2.0196e+01,-9.6660e+00,-8.4740e+00,-3.3942e+01,-2.6192e+01, 1.4184e+01, 3.3312e+01,-1.3336e+01,-1.1341e+01, 2.5296e+01,-1.4872e+00,-1.1594e+01,-2.5813e+01,-2.6398e+01,-1.5440e+01,-2.5222e+01, 6.4710e-01,-6.0556e+00,-2.6248e+01,-3.0390e+01,-3.3367e+01,-1.7726e+01, 8.5552e-01,-3.3040e+01,-3.6772e+01,-1.0548e+01,-5.4308e+00,-9.6512e+00,-2.6666e+01,-3.9223e+00,-8.9124e+00, 1.0138e+01,-1.3924e+01, 3.8033e+00,-3.2872e+01, 3.5530e+00,-1.3832e+01,-1.3538e+01, 3.1556e+01,-7.1856e+00, 5.3400e-01,-3.2810e+01, 3.5010e+01,-3.0742e+01, 1.0935e+01, 1.7554e+01,-6.4712e+00,
       -3.0289e+01,-1.8072e+01,-5.1008e+00,-8.9520e+00,-6.7784e+00,-3.2298e+00, 1.6983e+01,-1.1092e+01,-1.9866e+00,-1.7523e+01,-2.5341e+01,-2.3863e+01, 2.0161e+01,-2.4480e+01, 6.6032e+00,-5.5024e+00, 1.0867e+01, 1.9717e+01,-3.6720e+01,-6.0556e+00, 1.4467e-01,-3.3981e+01,-1.6068e+01, 4.0448e+01,-6.2308e+00,-1.2170e+01,-1.8993e+01, 6.7288e+00,-3.7124e+01, 4.1596e+01,-3.1708e+01, 3.6391e+01,-2.1120e+01, 2.0068e+01, 3.0209e+01,-9.8744e+00,-2.7502e+01, 2.6529e+01,-3.1953e+01,-5.7916e+00,-3.3746e+00, 6.4076e+00,-2.1911e+01,-3.2874e+01,-1.6539e+01,-3.0954e+00,-2.4267e+01,-2.7798e+01, 2.3634e+01,-9.3800e+00,
       -3.0007e+01, 1.0778e+01, 2.5123e+01,-2.2188e+01,-1.8804e+01,-9.2828e+00, 3.1756e+01, 1.1263e+01,-7.5052e+00, 6.0900e-01, 5.5188e+00,-4.8276e+00,-2.1579e+01,-2.4188e+01,-2.5124e+01,-2.9106e+01,-4.3340e+00, 1.6062e+01,-2.6645e+01,-2.6248e+01,-3.3981e+01, 2.2918e+00, 2.9532e+01,-2.7340e+01,-8.0216e+00, 2.8116e+00, 4.4524e+00,-4.7076e-01,-2.7847e+01, 3.6482e+01,-3.5534e+01,-6.4860e-01,-4.0168e+00,-8.6940e+00,-3.2257e+01, 1.6566e+01,-1.2065e+01,-2.5686e+01, 2.9326e+01, 1.1996e+00,-5.3460e+00,-2.5315e+01,-7.5584e-01,-2.4512e+01,-1.7911e+01, 3.3369e+01,-3.3352e+01,-1.3495e+01,-5.3808e+00, 2.6717e+01,
        7.5340e+00,-1.4275e+01,-1.2306e+01,-9.0240e-01, 2.3850e+01, 2.7056e+00,-2.5604e+01,-1.8574e+01,-3.5074e+01, 1.3639e+01, 1.9134e+01,-1.2362e+01, 4.6996e-01, 2.2302e+01,-1.6252e+01, 2.0082e+01,-1.1870e+01,-7.3708e+00,-2.2821e+01,-3.0390e+01,-1.6068e+01, 2.9532e+01, 9.9796e-01,-2.7150e+01, 1.8011e+01, 1.6775e+01,-3.2117e+01, 1.6732e+01,-2.9292e+01,-2.2557e+01,-5.2600e+00,-2.1229e+01,-2.8437e+01,-2.8811e+01,-3.2667e+01,-3.0654e+01,-2.6520e+01,-4.0196e+00,-5.8616e+00,-2.5580e+01,-1.8460e+01,-1.8067e+01,-1.1374e+01,-1.7833e+01, 1.0130e+01, 9.3548e-01,-6.6188e+00,-2.4403e+01, 2.0684e+00,-2.9724e+01,
       -3.2946e+01, 1.5473e+01, 2.8636e+01, 3.2403e+01,-5.6104e+00,-1.9156e+01, 1.6422e+00,-2.1160e+01,-3.4484e+01,-4.9044e+00,-2.9156e+01, 4.4060e+01,-6.7168e+00,-1.2963e+00,-8.6944e+00,-2.3438e+01,-2.6984e+01,-2.3165e+01, 4.5972e+01,-3.3367e+01, 4.0448e+01,-2.7340e+01,-2.7150e+01, 3.4496e+00,-2.2872e+01,-3.2459e+01, 1.1654e+01, 3.8428e+01,-1.6263e+01, 1.1745e+01, 4.2960e+01, 3.5556e+01, 9.8484e-01,-2.7113e+00, 4.2796e+01,-2.2706e+01,-2.2601e+01, 1.2764e+01,-1.4740e+01,-2.9770e+01,-2.6313e+01,-2.1088e+01,-1.0550e+01, 2.3163e+01, 3.9861e+01,-2.1752e+01, 4.3576e+01,-2.7185e-01,-2.5637e+01,-1.3176e+00,
        2.2680e+01,-1.2412e+00,-2.2518e+01,-1.7749e+01, 2.3476e+01,-3.9832e-01,-1.7276e+01,-5.2632e+00, 2.9348e+01, 5.7144e-01,-1.8158e+01, 4.5892e+01, 4.5508e+01, 1.5874e+01, 2.9220e+01, 9.2804e+00,-2.7070e+01,-3.2312e+01,-3.3538e+00,-1.7726e+01,-6.2308e+00,-8.0216e+00, 1.8011e+01,-2.2872e+01, 3.6770e+00, 3.9151e+01,-3.1254e+01,-1.4468e+01,-3.1847e+00,-2.5288e+01, 3.3272e+01,-2.3643e+01,-2.6824e+00,-6.1304e+00,-1.9151e+01,-3.2046e+01,-1.0836e+01, 3.0527e+01,-2.1610e+01,-1.2777e+01,-1.9125e+01, 7.3820e-01, 7.8024e+00, 3.3276e+01, 4.0276e+01,-2.7670e+01,-9.8900e+00,-9.9388e+00,-2.6383e+01, 2.8526e+01,
        3.9668e+01, 1.0728e+00,-2.5068e+01, 2.7222e+01,-9.3024e-01, 3.4042e+00,-1.2354e+01,-1.1454e+01,-6.4632e-01,-1.6807e+01,-6.9172e+00,-2.3690e+01, 3.8567e+01, 4.1564e+00,-3.2719e+01,-2.8211e+01, 3.2541e+01,-2.9984e+01,-2.8025e+01, 8.5552e-01,-1.2170e+01, 2.8116e+00, 1.6775e+01,-3.2459e+01, 3.9151e+01, 3.0646e+00, 1.6385e+01,-2.3491e+01,-1.4062e+01,-2.6842e+01,-3.6102e+01, 1.6511e+01, 9.1528e+00,-1.7843e+01,-1.7120e+00,-3.2012e+01, 6.2896e+00,-1.1891e+01, 2.3971e+01,-2.4660e+01, 3.3690e+00,-1.5433e+01, 4.0356e+01,-4.8200e+00, 5.7152e+00,-3.1406e+00,-1.4040e+01,-1.1045e+01,-2.9168e+00,-1.4290e+01,
       -1.2523e+01,-3.7267e+01,-5.6348e+00,-3.4156e+01, 3.2632e+01,-3.3416e+01, 4.3324e+00, 8.1600e+00, 3.0637e+01,-9.5536e+00,-1.6957e+01,-1.6750e-01,-2.5908e+01,-2.7918e+01,-2.3209e+01,-1.3742e+01,-5.8412e+00,-1.9964e+01, 1.4595e+01,-3.3040e+01,-1.8993e+01, 4.4524e+00,-3.2117e+01, 1.1654e+01,-3.1254e+01, 1.6385e+01, 6.5198e-01,-3.1801e+01,-8.9812e+00, 9.6552e-01,-1.2350e+01,-3.5715e+01, 2.5798e+01, 4.6464e+00,-1.2992e+01,-3.5352e+00,-8.1468e+00,-1.4006e+01,-1.2643e+01,-1.6173e+01,-1.7608e+01, 3.8248e+01, 2.0290e+01,-1.2330e+01, 3.9926e+01,-2.3577e+01, 2.6518e+01, 4.1304e+00,-4.6028e+00, 4.0932e+01,
        2.9761e+01, 3.8784e+00, 2.2771e+01,-3.3108e+01,-2.7606e+00,-2.4755e+01,-2.9830e+01,-2.0390e+01, 4.1716e+01, 7.9192e+00,-5.0976e+00,-3.6112e+00, 3.3068e+00,-3.0146e+00,-2.1640e+01,-1.3100e+01,-2.9772e+01,-1.2155e+01, 4.4084e-01,-3.6772e+01, 6.7288e+00,-4.7076e-01, 1.6732e+01, 3.8428e+01,-1.4468e+01,-2.3491e+01,-3.1801e+01, 1.2899e+00,-3.1587e+01,-1.9424e+00, 9.5384e+00, 4.1800e+01,-1.2907e+00,-3.2670e+00,-2.1982e+01, 1.5939e+01,-2.0168e+01,-3.4406e+01,-5.7752e+00,-2.5348e+00,-1.5636e+01, 4.2256e+01,-8.7040e-01,-1.7945e+01,-2.5807e+01,-1.3889e+01, 2.2818e+01, 2.1892e-01, 3.9634e+01, 4.1944e+01,
       -3.1860e+01,-3.6762e+01,-2.0431e+00,-1.9025e+01,-2.5516e+01, 2.7913e+01,-2.5148e+01,-1.6972e+01,-1.0459e+01,-3.3178e+01, 3.0004e+01, 6.6472e+00,-4.8340e+00,-1.5596e+01,-2.9002e+01, 3.9689e+01,-1.0406e+01,-6.3016e+00,-1.1548e+01,-1.0548e+01,-3.7124e+01,-2.7847e+01,-2.9292e+01,-1.6263e+01,-3.1847e+00,-1.4062e+01,-8.9812e+00,-3.1587e+01, 1.0134e+00,-2.1119e+01,-1.2732e+01,-1.9361e+01,-3.8156e+01,-1.4476e+01,-2.6014e+01,-6.9292e+00, 3.4697e+01,-2.7227e+01,-2.5445e+01, 6.5932e+00,-1.0887e+01,-7.6936e+00, 1.5075e+00,-1.4057e+01,-6.4572e+00,-1.2425e+01, 2.6492e+01, 6.9292e-01,-2.5135e+01,-2.2570e+01,
       -8.6072e+00, 2.3242e+00,-6.3244e+00, 2.5040e+01, 1.7866e+00, 2.6598e+01,-3.3875e+01,-1.3478e+01, 3.9942e+01,-1.3072e+01,-2.0770e+01, 4.0268e+01,-5.0776e+00,-1.2109e+01, 1.4110e+01,-3.0021e+01,-3.0800e+01,-1.0307e+01,-1.7984e+00,-5.4308e+00, 4.1596e+01, 3.6482e+01,-2.2557e+01, 1.1745e+01,-2.5288e+01,-2.6842e+01, 9.6552e-01,-1.9424e+00,-2.1119e+01, 3.7720e+00,-2.5303e+01, 1.9009e+01, 1.2313e+00, 4.3604e+01, 7.1192e+00, 3.6591e+00, 4.7688e+00, 1.3831e+01, 4.3668e+01, 1.8736e+01,-4.2312e+00, 1.6305e+01, 3.8120e+01, 4.0224e+01,-1.6070e+01, 2.5725e+01,-1.6622e+01,-1.1049e+01,-2.2618e+01,-2.7808e+01,
       -2.1179e+01,-3.6201e+01, 4.1432e+01,-3.1448e+01, 8.8884e+00,-3.2961e+01,-1.2778e+01,-1.3266e+01,-3.7758e+01,-1.6306e+01,-1.8942e+01,-4.1600e+00,-1.8132e+01,-2.1991e+01,-2.8814e+01,-3.3187e+01,-2.0051e+01, 3.5640e+01, 4.2032e+00,-9.6512e+00,-3.1708e+01,-3.5534e+01,-5.2600e+00, 4.2960e+01, 3.3272e+01,-3.6102e+01,-1.2350e+01, 9.5384e+00,-1.2732e+01,-2.5303e+01, 7.7326e-01,-1.9119e+01,-2.8243e+00, 2.3133e+00, 1.2319e+00,-1.6619e+01,-2.3797e+01, 3.4479e+01,-1.2372e+01,-3.5909e+01,-1.3354e+01,-2.7858e+01, 2.6052e+00,-1.7565e+01,-1.5855e+01, 1.8440e+01,-3.0001e+01,-2.7328e+01,-2.7236e+01,-1.8088e+01,
        2.4386e+01, 3.0608e+01,-4.4472e+00,-1.2064e+01,-2.9888e+01,-5.2916e+00,-7.4408e+00,-3.7341e+01,-2.5362e+01,-1.3863e+01, 1.2880e+01, 1.9063e+01,-7.1544e+00,-3.2913e+01,-1.8263e+01, 1.0495e+01,-6.6584e+00,-2.4304e+01,-6.5212e+00,-2.6666e+01, 3.6391e+01,-6.4860e-01,-2.1229e+01, 3.5556e+01,-2.3643e+01, 1.6511e+01,-3.5715e+01, 4.1800e+01,-1.9361e+01, 1.9009e+01,-1.9119e+01, 1.5300e+00,-2.5455e+01, 1.6804e+01,-1.3314e+01,-1.8459e+01,-1.8058e+00, 2.9234e+00,-2.5625e+01, 1.8577e+01,-3.0119e+01,-2.8684e+01,-1.8673e+01, 1.5868e+00,-3.1631e+01, 4.3248e+01,-3.5495e+01,-2.7044e+01,-1.9152e+01,-3.4619e+01,
        2.2628e+01,-3.3100e+01,-1.7453e+01,-9.6824e+00,-6.5936e+00,-3.2385e+01,-1.7284e+01, 2.3754e+01,-3.8622e+01,-3.3486e+01,-2.3383e+01, 2.4652e-01,-2.7458e+01,-2.9230e+01, 2.5352e+00,-1.5552e+01,-1.0105e+01,-3.2176e+00,-1.2581e+01,-3.9223e+00,-2.1120e+01,-4.0168e+00,-2.8437e+01, 9.8484e-01,-2.6824e+00, 9.1528e+00, 2.5798e+01,-1.2907e+00,-3.8156e+01, 1.2313e+00,-2.8243e+00,-2.5455e+01, 1.3459e-01, 2.2161e+01, 1.8957e+01, 3.7385e+00,-2.5747e+01, 4.5376e+00,-1.5605e+01, 8.4728e+00,-3.1237e+01, 2.4022e+01,-6.9284e+00,-3.3329e+01,-1.9546e+01, 2.4692e+01, 3.2260e+01,-2.1470e+01,-1.8170e+01,-3.3978e+01,
       -2.0200e+01,-3.5837e+01, 3.8173e+01,-3.0040e+01, 9.6028e+00,-1.0694e+01,-1.7866e+01, 3.5759e+01,-3.4858e+01, 5.1968e+00, 2.0294e+00,-2.5506e+01,-2.6005e+01,-1.0228e+01, 2.1556e+01, 3.4782e+01,-2.7225e+01,-2.7777e+01,-8.6460e+00,-8.9124e+00, 2.0068e+01,-8.6940e+00,-2.8811e+01,-2.7113e+00,-6.1304e+00,-1.7843e+01, 4.6464e+00,-3.2670e+00,-1.4476e+01, 4.3604e+01, 2.3133e+00, 1.6804e+01, 2.2161e+01, 2.6782e+00,-1.7233e+01,-1.6659e+01, 3.0146e+01, 9.7964e+00,-1.8450e+01, 1.1380e+01,-3.0516e+01,-3.5304e+01, 2.2790e+01, 2.3353e+01, 1.7723e+01, 4.3748e+01,-1.2391e+00,-1.5544e+01,-2.7634e+01,-8.5680e+00,
        1.2864e+01, 1.5220e+01,-5.1216e+00, 8.1644e-02, 2.4543e+01,-5.2572e+00, 2.1759e+00,-1.3116e+01,-2.7136e+00, 3.3428e+01,-9.5864e+00,-3.2729e+01,-8.0276e+00, 1.4506e+01,-3.2707e+01, 4.0232e+01,-3.0703e+01,-6.7600e+00, 1.4488e+01, 1.0138e+01, 3.0209e+01,-3.2257e+01,-3.2667e+01, 4.2796e+01,-1.9151e+01,-1.7120e+00,-1.2992e+01,-2.1982e+01,-2.6014e+01, 7.1192e+00, 1.2319e+00,-1.3314e+01, 1.8957e+01,-1.7233e+01, 9.7948e-01,-2.7710e+01, 1.6319e+01,-1.0081e+01,-1.0530e+01,-1.0640e+01,-2.2076e+01, 3.2800e+01,-3.7332e+01,-9.9404e+00,-2.2266e+01, 1.4375e+01,-1.9003e+01,-2.8225e+01, 3.7943e+01,-3.6926e+00,
       -3.6506e+01,-1.6774e+01, 6.7328e+00,-3.2835e+01,-1.8802e+01,-3.8263e+00, 1.6686e+01, 1.4889e+00,-2.6903e+01, 1.0633e+00,-1.4220e+01,-7.5392e+00, 3.6340e+01,-2.0301e+01,-1.9437e+01, 1.9597e+01, 2.7422e+01,-2.4550e+01,-1.2663e+01,-1.3924e+01,-9.8744e+00, 1.6566e+01,-3.0654e+01,-2.2706e+01,-3.2046e+01,-3.2012e+01,-3.5352e+00, 1.5939e+01,-6.9292e+00, 3.6591e+00,-1.6619e+01,-1.8459e+01, 3.7385e+00,-1.6659e+01,-2.7710e+01, 2.2426e+00,-1.8483e+01,-2.0220e+01,-8.1096e+00,-3.0195e+01,-8.0756e-01,-3.5834e+01, 3.3957e+00, 3.2294e+01,-6.2344e+00,-2.6718e+01,-3.3877e-01, 5.2708e+00, 1.4304e+01, 2.0666e+01,
       -6.2664e+00,-2.7663e+01,-2.1470e+01, 3.4432e+01, 3.8458e+01, 3.5673e+01,-2.3280e+01, 2.7944e+01,-2.1299e+01,-4.0132e+00, 2.0846e-01,-1.0406e+01,-2.7899e+01, 3.5687e+01, 3.5486e+01,-1.6666e+01,-2.6077e+01,-1.2969e+01, 3.3266e+00, 3.8033e+00,-2.7502e+01,-1.2065e+01,-2.6520e+01,-2.2601e+01,-1.0836e+01, 6.2896e+00,-8.1468e+00,-2.0168e+01, 3.4697e+01, 4.7688e+00,-2.3797e+01,-1.8058e+00,-2.5747e+01, 3.0146e+01, 1.6319e+01,-1.8483e+01, 3.8264e+00,-6.5632e+00,-2.4610e+01, 2.0673e+01,-1.0313e+01, 7.6884e-01,-3.3842e+00, 4.2864e+00,-2.8738e+01,-2.6671e+01,-4.3216e+00,-1.9082e+01,-7.3420e+00, 1.6217e+01,
       -9.9580e+00,-1.3255e+01,-1.4234e+01, 1.1974e+00,-2.6702e+01,-8.9432e+00,-8.8584e+00, 7.3508e+00,-2.3642e+01,-1.8097e+01,-1.9927e+01,-1.3049e+01,-7.1864e+00, 3.0798e+00,-3.6631e+00,-3.9605e+00, 9.2024e-01, 5.2616e+00,-2.8726e+01,-3.2872e+01, 2.6529e+01,-2.5686e+01,-4.0196e+00, 1.2764e+01, 3.0527e+01,-1.1891e+01,-1.4006e+01,-3.4406e+01,-2.7227e+01, 1.3831e+01, 3.4479e+01, 2.9234e+00, 4.5376e+00, 9.7964e+00,-1.0081e+01,-2.0220e+01,-6.5632e+00, 2.3210e+00, 1.0485e+01,-1.9976e+01,-2.5316e+01,-2.8391e+01,-3.5038e+01,-3.2818e-01, 3.1247e+01, 7.4096e+00,-2.7061e+01, 1.1438e+01,-7.3280e+00, 7.0152e+00,
        1.7770e+01, 1.5970e-01, 2.7557e+01, 2.0160e+01, 2.8385e+01,-2.7642e+00,-2.4830e+01,-1.4790e+01,-9.8136e+00, 3.6565e+01,-2.4787e+01,-7.3984e+00,-3.0556e+01,-2.7138e+01,-2.7660e+01,-8.1308e+00,-3.7133e+01,-1.6500e+01,-1.9198e+01, 3.5530e+00,-3.1953e+01, 2.9326e+01,-5.8616e+00,-1.4740e+01,-2.1610e+01, 2.3971e+01,-1.2643e+01,-5.7752e+00,-2.5445e+01, 4.3668e+01,-1.2372e+01,-2.5625e+01,-1.5605e+01,-1.8450e+01,-1.0530e+01,-8.1096e+00,-2.4610e+01, 1.0485e+01, 1.5055e+00, 2.1095e+01,-3.5811e+01, 2.9537e+01,-7.7664e+00,-1.7914e+01, 1.5614e+01,-1.7630e+01,-1.3028e+01, 5.5792e-01,-2.9691e+01,-3.1412e+01,
       -1.4766e+01,-5.1160e+00,-2.8350e+01,-2.8209e+01, 4.2724e+00, 2.1669e+00,-1.3984e+01, 2.5189e+01,-2.8506e+01,-3.0400e+01, 1.0190e+01, 3.2544e+01,-6.1852e+00,-2.8904e+01,-1.0449e+01, 2.0460e+00,-1.6879e+01,-1.2240e+01,-1.4624e-01,-1.3832e+01,-5.7916e+00, 1.1996e+00,-2.5580e+01,-2.9770e+01,-1.2777e+01,-2.4660e+01,-1.6173e+01,-2.5348e+00, 6.5932e+00, 1.8736e+01,-3.5909e+01, 1.8577e+01, 8.4728e+00, 1.1380e+01,-1.0640e+01,-3.0195e+01, 2.0673e+01,-1.9976e+01, 2.1095e+01, 8.3648e-01,-2.4120e+01,-3.3208e+01,-1.7372e+01,-2.4565e+01, 2.0131e+00,-1.1630e+01,-3.5123e+01,-3.4154e+01, 2.2177e+01,-1.1373e+01,
        3.1227e+01,-3.5682e+01,-1.4636e+01,-1.0348e+01,-9.9668e+00,-2.8768e+01, 1.9446e+01,-2.1195e+01,-2.2472e+01, 3.3762e+01,-8.5132e+00,-1.0226e+01,-9.5104e+00,-3.7950e+01,-6.3192e+00,-3.1696e+01,-3.6052e+01,-3.2860e+00,-1.8686e+00,-1.3538e+01,-3.3746e+00,-5.3460e+00,-1.8460e+01,-2.6313e+01,-1.9125e+01, 3.3690e+00,-1.7608e+01,-1.5636e+01,-1.0887e+01,-4.2312e+00,-1.3354e+01,-3.0119e+01,-3.1237e+01,-3.0516e+01,-2.2076e+01,-8.0756e-01,-1.0313e+01,-2.5316e+01,-3.5811e+01,-2.4120e+01, 8.0390e-01, 8.3892e-01,-1.4548e+01, 1.3418e+00,-1.6776e+01,-2.7831e+01,-5.1768e+00,-3.5454e+01, 1.3122e+01,-2.5411e+01,
        2.9424e+01,-7.6276e+00,-1.4053e+01,-9.8804e+00,-3.4199e+01,-2.6471e+01, 4.0764e+01,-3.5464e+01, 1.7142e+01,-3.6899e+01,-1.5898e+01,-2.2243e+01, 3.0557e+01,-1.6758e+01,-2.6826e+00,-4.2564e+00,-6.5604e+00,-1.3890e+00,-1.0047e+01, 3.1556e+01, 6.4076e+00,-2.5315e+01,-1.8067e+01,-2.1088e+01, 7.3820e-01,-1.5433e+01, 3.8248e+01, 4.2256e+01,-7.6936e+00, 1.6305e+01,-2.7858e+01,-2.8684e+01, 2.4022e+01,-3.5304e+01, 3.2800e+01,-3.5834e+01, 7.6884e-01,-2.8391e+01, 2.9537e+01,-3.3208e+01, 8.3892e-01, 1.1361e+00,-3.1086e+00, 4.8160e-01,-1.8744e+00,-1.5316e+01, 1.9028e+01,-1.2318e+01,-2.0968e+01, 2.9655e+01,
       -2.3305e+01,-2.3224e+01,-2.2687e+01,-6.4944e+00, 4.1960e+00,-2.9507e+00,-2.8253e+00,-1.6691e+01, 1.0348e+01,-1.4989e+01,-3.5450e+01,-4.6984e+00,-5.6868e+00,-2.0641e+01, 3.8544e+01,-7.9340e+00,-2.3684e+01,-7.9240e+00,-1.6510e+01,-7.1856e+00,-2.1911e+01,-7.5584e-01,-1.1374e+01,-1.0550e+01, 7.8024e+00, 4.0356e+01, 2.0290e+01,-8.7040e-01, 1.5075e+00, 3.8120e+01, 2.6052e+00,-1.8673e+01,-6.9284e+00, 2.2790e+01,-3.7332e+01, 3.3957e+00,-3.3842e+00,-3.5038e+01,-7.7664e+00,-1.7372e+01,-1.4548e+01,-3.1086e+00, 1.3283e+00,-2.2315e+01, 2.9865e+01,-1.3990e+01, 1.7855e+01,-2.3606e+01, 1.2019e+01,-3.0709e+01,
       -2.9304e-02,-2.9056e+01,-1.2147e+01,-8.7620e+00,-3.4678e+01, 2.7425e+01,-3.3779e+01, 2.5058e+01, 3.6442e+01,-1.9142e+01,-3.5090e+01,-2.2512e+01,-2.4920e+00,-1.0234e+01,-1.4373e+01,-3.2110e+01,-1.6701e+01, 2.5486e+01,-8.9212e+00, 5.3400e-01,-3.2874e+01,-2.4512e+01,-1.7833e+01, 2.3163e+01, 3.3276e+01,-4.8200e+00,-1.2330e+01,-1.7945e+01,-1.4057e+01, 4.0224e+01,-1.7565e+01, 1.5868e+00,-3.3329e+01, 2.3353e+01,-9.9404e+00, 3.2294e+01, 4.2864e+00,-3.2818e-01,-1.7914e+01,-2.4565e+01, 1.3418e+00, 4.8160e-01,-2.2315e+01, 6.8112e-01,-7.4428e+00,-7.3284e-01,-2.5127e+01,-2.2927e-01,-9.9136e+00,-2.0684e+01,
       -1.5818e+01,-1.3084e+01,-8.1900e+00, 2.1612e+01,-3.2167e+01,-7.2584e+00, 2.2780e+01,-3.1151e+01,-6.8144e+00,-2.3365e+00,-9.5364e+00,-1.4829e+01, 2.3657e+01, 1.2060e+01,-2.9742e+01,-1.9378e+01, 4.1544e+01,-2.5936e+00, 4.3096e+01,-3.2810e+01,-1.6539e+01,-1.7911e+01, 1.0130e+01, 3.9861e+01, 4.0276e+01, 5.7152e+00, 3.9926e+01,-2.5807e+01,-6.4572e+00,-1.6070e+01,-1.5855e+01,-3.1631e+01,-1.9546e+01, 1.7723e+01,-2.2266e+01,-6.2344e+00,-2.8738e+01, 3.1247e+01, 1.5614e+01, 2.0131e+00,-1.6776e+01,-1.8744e+00, 2.9865e+01,-7.4428e+00, 2.8374e+00, 1.8869e+01, 1.5027e+01,-9.6088e+00,-1.0939e+01,-7.6904e+00,
       -2.2977e+01, 1.5122e+01,-1.0022e+01,-1.0134e+01,-8.1864e+00,-2.9825e+01, 3.8861e-01,-2.7669e+01,-1.7177e+01,-1.3384e+01, 6.6312e+00,-1.1199e+01,-1.8232e+00,-2.2541e+01,-1.4863e+01, 1.7658e+01, 4.1908e+01,-2.6152e+01,-1.8846e+01, 3.5010e+01,-3.0954e+00, 3.3369e+01, 9.3548e-01,-2.1752e+01,-2.7670e+01,-3.1406e+00,-2.3577e+01,-1.3889e+01,-1.2425e+01, 2.5725e+01, 1.8440e+01, 4.3248e+01, 2.4692e+01, 4.3748e+01, 1.4375e+01,-2.6718e+01,-2.6671e+01, 7.4096e+00,-1.7630e+01,-1.1630e+01,-2.7831e+01,-1.5316e+01,-1.3990e+01,-7.3284e-01, 1.8869e+01, 3.0830e+00, 3.4243e+01, 3.7100e+01,-2.0910e+01,-3.3493e+01,
       -2.8086e+01,-1.7659e+01,-8.8944e+00,-2.6044e+01,-2.5126e+01,-2.4168e+01,-3.1724e+01,-2.8109e+01,-1.3704e+01, 9.7892e+00, 1.6635e+01,-1.2042e+01,-1.4270e+01,-6.0460e-01,-1.2756e+01, 2.8549e-01,-3.5581e+01,-1.6257e+01,-2.7988e+01,-3.0742e+01,-2.4267e+01,-3.3352e+01,-6.6188e+00, 4.3576e+01,-9.8900e+00,-1.4040e+01, 2.6518e+01, 2.2818e+01, 2.6492e+01,-1.6622e+01,-3.0001e+01,-3.5495e+01, 3.2260e+01,-1.2391e+00,-1.9003e+01,-3.3877e-01,-4.3216e+00,-2.7061e+01,-1.3028e+01,-3.5123e+01,-5.1768e+00, 1.9028e+01, 1.7855e+01,-2.5127e+01, 1.5027e+01, 3.4243e+01, 2.2922e+00,-6.9032e+00, 4.3704e+01,-3.1792e+01,
        4.2900e+01, 2.1602e+01, 7.7272e+00,-3.0233e+01,-2.4829e+01,-8.4796e+00,-2.2188e+01,-3.2769e+01,-6.1336e-01,-3.1214e+01,-1.6425e+01,-1.9697e+01, 4.4916e+00,-1.0969e+01,-1.9450e+01,-1.7985e+01,-4.3460e+00,-1.3672e+01,-2.4103e+01, 1.0935e+01,-2.7798e+01,-1.3495e+01,-2.4403e+01,-2.7185e-01,-9.9388e+00,-1.1045e+01, 4.1304e+00, 2.1892e-01, 6.9292e-01,-1.1049e+01,-2.7328e+01,-2.7044e+01,-2.1470e+01,-1.5544e+01,-2.8225e+01, 5.2708e+00,-1.9082e+01, 1.1438e+01, 5.5792e-01,-3.4154e+01,-3.5454e+01,-1.2318e+01,-2.3606e+01,-2.2927e-01,-9.6088e+00, 3.7100e+01,-6.9032e+00, 3.7322e+00,-2.6846e+01, 2.0569e+01,
        1.0464e-01,-1.7361e+01,-2.4939e+01,-1.5618e+01,-3.0013e+01, 3.7081e+01, 2.7040e+01,-9.8252e-01,-5.7372e-01,-1.6054e+01,-1.4419e+01,-3.1397e+01,-1.4018e+01,-3.3656e+01,-1.3215e+01,-3.0020e+01, 2.6717e+01, 1.9112e+01,-2.0881e+00, 1.7554e+01, 2.3634e+01,-5.3808e+00, 2.0684e+00,-2.5637e+01,-2.6383e+01,-2.9168e+00,-4.6028e+00, 3.9634e+01,-2.5135e+01,-2.2618e+01,-2.7236e+01,-1.9152e+01,-1.8170e+01,-2.7634e+01, 3.7943e+01, 1.4304e+01,-7.3420e+00,-7.3280e+00,-2.9691e+01, 2.2177e+01, 1.3122e+01,-2.0968e+01, 1.2019e+01,-9.9136e+00,-1.0939e+01,-2.0910e+01, 4.3704e+01,-2.6846e+01, 3.8764e+00,-1.0413e+01,
       -3.2688e+01,-1.5531e+01,-2.5477e+01,-2.1027e+01,-2.8565e+01,-3.0156e+01,-1.5196e+01, 1.1471e+00,-1.5875e+01,-1.4326e+01,-1.4428e+01,-1.2630e+01, 4.2024e+01, 2.8333e+01,-3.4166e+01,-9.0544e+00,-2.6695e+01,-3.2051e+01,-1.5958e+01,-6.4712e+00,-9.3800e+00, 2.6717e+01,-2.9724e+01,-1.3176e+00, 2.8526e+01,-1.4290e+01, 4.0932e+01, 4.1944e+01,-2.2570e+01,-2.7808e+01,-1.8088e+01,-3.4619e+01,-3.3978e+01,-8.5680e+00,-3.6926e+00, 2.0666e+01, 1.6217e+01, 7.0152e+00,-3.1412e+01,-1.1373e+01,-2.5411e+01, 2.9655e+01,-3.0709e+01,-2.0684e+01,-7.6904e+00,-3.3493e+01,-3.1792e+01, 2.0569e+01,-1.0413e+01, 1.2700e+00;
		this->q << 0.,0.,0.,0.,0.,0.,0.,0.,0.,0.,0.,0.,0.,0.,0.,0.,0.,0.,0.,0.,0.,0.,0.,0.,0.,0.,0.,0.,0.,0.,0.,0.,0.,0.,0.,0.,0.,0.,0.,0.,0.,0.,0.,0.,0.,0.,0.,0.,0.,0.;
		this->A << 1.,1.,1.,1.,1.,1.,1.,1.,1.,1.,1.,1.,1.,1.,1.,1.,1.,1.,1.,1.,1.,1.,1.,1.,1.,1.,1.,1.,1.,1.,1.,1.,1.,1.,1.,1.,1.,1.,1.,1.,1.,1.,1.,1.,1.,1.,1.,1.,1.,1.,
       1.,0.,0.,0.,0.,0.,0.,0.,0.,0.,0.,0.,0.,0.,0.,0.,0.,0.,0.,0.,0.,0.,0.,0.,0.,0.,0.,0.,0.,0.,0.,0.,0.,0.,0.,0.,0.,0.,0.,0.,0.,0.,0.,0.,0.,0.,0.,0.,0.,0.,
       0.,1.,0.,0.,0.,0.,0.,0.,0.,0.,0.,0.,0.,0.,0.,0.,0.,0.,0.,0.,0.,0.,0.,0.,0.,0.,0.,0.,0.,0.,0.,0.,0.,0.,0.,0.,0.,0.,0.,0.,0.,0.,0.,0.,0.,0.,0.,0.,0.,0.,
       0.,0.,1.,0.,0.,0.,0.,0.,0.,0.,0.,0.,0.,0.,0.,0.,0.,0.,0.,0.,0.,0.,0.,0.,0.,0.,0.,0.,0.,0.,0.,0.,0.,0.,0.,0.,0.,0.,0.,0.,0.,0.,0.,0.,0.,0.,0.,0.,0.,0.,
       0.,0.,0.,1.,0.,0.,0.,0.,0.,0.,0.,0.,0.,0.,0.,0.,0.,0.,0.,0.,0.,0.,0.,0.,0.,0.,0.,0.,0.,0.,0.,0.,0.,0.,0.,0.,0.,0.,0.,0.,0.,0.,0.,0.,0.,0.,0.,0.,0.,0.,
       0.,0.,0.,0.,1.,0.,0.,0.,0.,0.,0.,0.,0.,0.,0.,0.,0.,0.,0.,0.,0.,0.,0.,0.,0.,0.,0.,0.,0.,0.,0.,0.,0.,0.,0.,0.,0.,0.,0.,0.,0.,0.,0.,0.,0.,0.,0.,0.,0.,0.,
       0.,0.,0.,0.,0.,1.,0.,0.,0.,0.,0.,0.,0.,0.,0.,0.,0.,0.,0.,0.,0.,0.,0.,0.,0.,0.,0.,0.,0.,0.,0.,0.,0.,0.,0.,0.,0.,0.,0.,0.,0.,0.,0.,0.,0.,0.,0.,0.,0.,0.,
       0.,0.,0.,0.,0.,0.,1.,0.,0.,0.,0.,0.,0.,0.,0.,0.,0.,0.,0.,0.,0.,0.,0.,0.,0.,0.,0.,0.,0.,0.,0.,0.,0.,0.,0.,0.,0.,0.,0.,0.,0.,0.,0.,0.,0.,0.,0.,0.,0.,0.,
       0.,0.,0.,0.,0.,0.,0.,1.,0.,0.,0.,0.,0.,0.,0.,0.,0.,0.,0.,0.,0.,0.,0.,0.,0.,0.,0.,0.,0.,0.,0.,0.,0.,0.,0.,0.,0.,0.,0.,0.,0.,0.,0.,0.,0.,0.,0.,0.,0.,0.,
       0.,0.,0.,0.,0.,0.,0.,0.,1.,0.,0.,0.,0.,0.,0.,0.,0.,0.,0.,0.,0.,0.,0.,0.,0.,0.,0.,0.,0.,0.,0.,0.,0.,0.,0.,0.,0.,0.,0.,0.,0.,0.,0.,0.,0.,0.,0.,0.,0.,0.,
       0.,0.,0.,0.,0.,0.,0.,0.,0.,1.,0.,0.,0.,0.,0.,0.,0.,0.,0.,0.,0.,0.,0.,0.,0.,0.,0.,0.,0.,0.,0.,0.,0.,0.,0.,0.,0.,0.,0.,0.,0.,0.,0.,0.,0.,0.,0.,0.,0.,0.,
       0.,0.,0.,0.,0.,0.,0.,0.,0.,0.,1.,0.,0.,0.,0.,0.,0.,0.,0.,0.,0.,0.,0.,0.,0.,0.,0.,0.,0.,0.,0.,0.,0.,0.,0.,0.,0.,0.,0.,0.,0.,0.,0.,0.,0.,0.,0.,0.,0.,0.,
       0.,0.,0.,0.,0.,0.,0.,0.,0.,0.,0.,1.,0.,0.,0.,0.,0.,0.,0.,0.,0.,0.,0.,0.,0.,0.,0.,0.,0.,0.,0.,0.,0.,0.,0.,0.,0.,0.,0.,0.,0.,0.,0.,0.,0.,0.,0.,0.,0.,0.,
       0.,0.,0.,0.,0.,0.,0.,0.,0.,0.,0.,0.,1.,0.,0.,0.,0.,0.,0.,0.,0.,0.,0.,0.,0.,0.,0.,0.,0.,0.,0.,0.,0.,0.,0.,0.,0.,0.,0.,0.,0.,0.,0.,0.,0.,0.,0.,0.,0.,0.,
       0.,0.,0.,0.,0.,0.,0.,0.,0.,0.,0.,0.,0.,1.,0.,0.,0.,0.,0.,0.,0.,0.,0.,0.,0.,0.,0.,0.,0.,0.,0.,0.,0.,0.,0.,0.,0.,0.,0.,0.,0.,0.,0.,0.,0.,0.,0.,0.,0.,0.,
       0.,0.,0.,0.,0.,0.,0.,0.,0.,0.,0.,0.,0.,0.,1.,0.,0.,0.,0.,0.,0.,0.,0.,0.,0.,0.,0.,0.,0.,0.,0.,0.,0.,0.,0.,0.,0.,0.,0.,0.,0.,0.,0.,0.,0.,0.,0.,0.,0.,0.,
       0.,0.,0.,0.,0.,0.,0.,0.,0.,0.,0.,0.,0.,0.,0.,1.,0.,0.,0.,0.,0.,0.,0.,0.,0.,0.,0.,0.,0.,0.,0.,0.,0.,0.,0.,0.,0.,0.,0.,0.,0.,0.,0.,0.,0.,0.,0.,0.,0.,0.,
       0.,0.,0.,0.,0.,0.,0.,0.,0.,0.,0.,0.,0.,0.,0.,0.,1.,0.,0.,0.,0.,0.,0.,0.,0.,0.,0.,0.,0.,0.,0.,0.,0.,0.,0.,0.,0.,0.,0.,0.,0.,0.,0.,0.,0.,0.,0.,0.,0.,0.,
       0.,0.,0.,0.,0.,0.,0.,0.,0.,0.,0.,0.,0.,0.,0.,0.,0.,1.,0.,0.,0.,0.,0.,0.,0.,0.,0.,0.,0.,0.,0.,0.,0.,0.,0.,0.,0.,0.,0.,0.,0.,0.,0.,0.,0.,0.,0.,0.,0.,0.,
       0.,0.,0.,0.,0.,0.,0.,0.,0.,0.,0.,0.,0.,0.,0.,0.,0.,0.,1.,0.,0.,0.,0.,0.,0.,0.,0.,0.,0.,0.,0.,0.,0.,0.,0.,0.,0.,0.,0.,0.,0.,0.,0.,0.,0.,0.,0.,0.,0.,0.,
       0.,0.,0.,0.,0.,0.,0.,0.,0.,0.,0.,0.,0.,0.,0.,0.,0.,0.,0.,1.,0.,0.,0.,0.,0.,0.,0.,0.,0.,0.,0.,0.,0.,0.,0.,0.,0.,0.,0.,0.,0.,0.,0.,0.,0.,0.,0.,0.,0.,0.,
       0.,0.,0.,0.,0.,0.,0.,0.,0.,0.,0.,0.,0.,0.,0.,0.,0.,0.,0.,0.,1.,0.,0.,0.,0.,0.,0.,0.,0.,0.,0.,0.,0.,0.,0.,0.,0.,0.,0.,0.,0.,0.,0.,0.,0.,0.,0.,0.,0.,0.,
       0.,0.,0.,0.,0.,0.,0.,0.,0.,0.,0.,0.,0.,0.,0.,0.,0.,0.,0.,0.,0.,1.,0.,0.,0.,0.,0.,0.,0.,0.,0.,0.,0.,0.,0.,0.,0.,0.,0.,0.,0.,0.,0.,0.,0.,0.,0.,0.,0.,0.,
       0.,0.,0.,0.,0.,0.,0.,0.,0.,0.,0.,0.,0.,0.,0.,0.,0.,0.,0.,0.,0.,0.,1.,0.,0.,0.,0.,0.,0.,0.,0.,0.,0.,0.,0.,0.,0.,0.,0.,0.,0.,0.,0.,0.,0.,0.,0.,0.,0.,0.,
       0.,0.,0.,0.,0.,0.,0.,0.,0.,0.,0.,0.,0.,0.,0.,0.,0.,0.,0.,0.,0.,0.,0.,1.,0.,0.,0.,0.,0.,0.,0.,0.,0.,0.,0.,0.,0.,0.,0.,0.,0.,0.,0.,0.,0.,0.,0.,0.,0.,0.,
       0.,0.,0.,0.,0.,0.,0.,0.,0.,0.,0.,0.,0.,0.,0.,0.,0.,0.,0.,0.,0.,0.,0.,0.,1.,0.,0.,0.,0.,0.,0.,0.,0.,0.,0.,0.,0.,0.,0.,0.,0.,0.,0.,0.,0.,0.,0.,0.,0.,0.,
       0.,0.,0.,0.,0.,0.,0.,0.,0.,0.,0.,0.,0.,0.,0.,0.,0.,0.,0.,0.,0.,0.,0.,0.,0.,1.,0.,0.,0.,0.,0.,0.,0.,0.,0.,0.,0.,0.,0.,0.,0.,0.,0.,0.,0.,0.,0.,0.,0.,0.,
       0.,0.,0.,0.,0.,0.,0.,0.,0.,0.,0.,0.,0.,0.,0.,0.,0.,0.,0.,0.,0.,0.,0.,0.,0.,0.,1.,0.,0.,0.,0.,0.,0.,0.,0.,0.,0.,0.,0.,0.,0.,0.,0.,0.,0.,0.,0.,0.,0.,0.,
       0.,0.,0.,0.,0.,0.,0.,0.,0.,0.,0.,0.,0.,0.,0.,0.,0.,0.,0.,0.,0.,0.,0.,0.,0.,0.,0.,1.,0.,0.,0.,0.,0.,0.,0.,0.,0.,0.,0.,0.,0.,0.,0.,0.,0.,0.,0.,0.,0.,0.,
       0.,0.,0.,0.,0.,0.,0.,0.,0.,0.,0.,0.,0.,0.,0.,0.,0.,0.,0.,0.,0.,0.,0.,0.,0.,0.,0.,0.,1.,0.,0.,0.,0.,0.,0.,0.,0.,0.,0.,0.,0.,0.,0.,0.,0.,0.,0.,0.,0.,0.,
       0.,0.,0.,0.,0.,0.,0.,0.,0.,0.,0.,0.,0.,0.,0.,0.,0.,0.,0.,0.,0.,0.,0.,0.,0.,0.,0.,0.,0.,1.,0.,0.,0.,0.,0.,0.,0.,0.,0.,0.,0.,0.,0.,0.,0.,0.,0.,0.,0.,0.,
       0.,0.,0.,0.,0.,0.,0.,0.,0.,0.,0.,0.,0.,0.,0.,0.,0.,0.,0.,0.,0.,0.,0.,0.,0.,0.,0.,0.,0.,0.,1.,0.,0.,0.,0.,0.,0.,0.,0.,0.,0.,0.,0.,0.,0.,0.,0.,0.,0.,0.,
       0.,0.,0.,0.,0.,0.,0.,0.,0.,0.,0.,0.,0.,0.,0.,0.,0.,0.,0.,0.,0.,0.,0.,0.,0.,0.,0.,0.,0.,0.,0.,1.,0.,0.,0.,0.,0.,0.,0.,0.,0.,0.,0.,0.,0.,0.,0.,0.,0.,0.,
       0.,0.,0.,0.,0.,0.,0.,0.,0.,0.,0.,0.,0.,0.,0.,0.,0.,0.,0.,0.,0.,0.,0.,0.,0.,0.,0.,0.,0.,0.,0.,0.,1.,0.,0.,0.,0.,0.,0.,0.,0.,0.,0.,0.,0.,0.,0.,0.,0.,0.,
       0.,0.,0.,0.,0.,0.,0.,0.,0.,0.,0.,0.,0.,0.,0.,0.,0.,0.,0.,0.,0.,0.,0.,0.,0.,0.,0.,0.,0.,0.,0.,0.,0.,1.,0.,0.,0.,0.,0.,0.,0.,0.,0.,0.,0.,0.,0.,0.,0.,0.,
       0.,0.,0.,0.,0.,0.,0.,0.,0.,0.,0.,0.,0.,0.,0.,0.,0.,0.,0.,0.,0.,0.,0.,0.,0.,0.,0.,0.,0.,0.,0.,0.,0.,0.,1.,0.,0.,0.,0.,0.,0.,0.,0.,0.,0.,0.,0.,0.,0.,0.,
       0.,0.,0.,0.,0.,0.,0.,0.,0.,0.,0.,0.,0.,0.,0.,0.,0.,0.,0.,0.,0.,0.,0.,0.,0.,0.,0.,0.,0.,0.,0.,0.,0.,0.,0.,1.,0.,0.,0.,0.,0.,0.,0.,0.,0.,0.,0.,0.,0.,0.,
       0.,0.,0.,0.,0.,0.,0.,0.,0.,0.,0.,0.,0.,0.,0.,0.,0.,0.,0.,0.,0.,0.,0.,0.,0.,0.,0.,0.,0.,0.,0.,0.,0.,0.,0.,0.,1.,0.,0.,0.,0.,0.,0.,0.,0.,0.,0.,0.,0.,0.,
       0.,0.,0.,0.,0.,0.,0.,0.,0.,0.,0.,0.,0.,0.,0.,0.,0.,0.,0.,0.,0.,0.,0.,0.,0.,0.,0.,0.,0.,0.,0.,0.,0.,0.,0.,0.,0.,1.,0.,0.,0.,0.,0.,0.,0.,0.,0.,0.,0.,0.,
       0.,0.,0.,0.,0.,0.,0.,0.,0.,0.,0.,0.,0.,0.,0.,0.,0.,0.,0.,0.,0.,0.,0.,0.,0.,0.,0.,0.,0.,0.,0.,0.,0.,0.,0.,0.,0.,0.,1.,0.,0.,0.,0.,0.,0.,0.,0.,0.,0.,0.,
       0.,0.,0.,0.,0.,0.,0.,0.,0.,0.,0.,0.,0.,0.,0.,0.,0.,0.,0.,0.,0.,0.,0.,0.,0.,0.,0.,0.,0.,0.,0.,0.,0.,0.,0.,0.,0.,0.,0.,1.,0.,0.,0.,0.,0.,0.,0.,0.,0.,0.,
       0.,0.,0.,0.,0.,0.,0.,0.,0.,0.,0.,0.,0.,0.,0.,0.,0.,0.,0.,0.,0.,0.,0.,0.,0.,0.,0.,0.,0.,0.,0.,0.,0.,0.,0.,0.,0.,0.,0.,0.,1.,0.,0.,0.,0.,0.,0.,0.,0.,0.,
       0.,0.,0.,0.,0.,0.,0.,0.,0.,0.,0.,0.,0.,0.,0.,0.,0.,0.,0.,0.,0.,0.,0.,0.,0.,0.,0.,0.,0.,0.,0.,0.,0.,0.,0.,0.,0.,0.,0.,0.,0.,1.,0.,0.,0.,0.,0.,0.,0.,0.,
       0.,0.,0.,0.,0.,0.,0.,0.,0.,0.,0.,0.,0.,0.,0.,0.,0.,0.,0.,0.,0.,0.,0.,0.,0.,0.,0.,0.,0.,0.,0.,0.,0.,0.,0.,0.,0.,0.,0.,0.,0.,0.,1.,0.,0.,0.,0.,0.,0.,0.,
       0.,0.,0.,0.,0.,0.,0.,0.,0.,0.,0.,0.,0.,0.,0.,0.,0.,0.,0.,0.,0.,0.,0.,0.,0.,0.,0.,0.,0.,0.,0.,0.,0.,0.,0.,0.,0.,0.,0.,0.,0.,0.,0.,1.,0.,0.,0.,0.,0.,0.,
       0.,0.,0.,0.,0.,0.,0.,0.,0.,0.,0.,0.,0.,0.,0.,0.,0.,0.,0.,0.,0.,0.,0.,0.,0.,0.,0.,0.,0.,0.,0.,0.,0.,0.,0.,0.,0.,0.,0.,0.,0.,0.,0.,0.,1.,0.,0.,0.,0.,0.,
       0.,0.,0.,0.,0.,0.,0.,0.,0.,0.,0.,0.,0.,0.,0.,0.,0.,0.,0.,0.,0.,0.,0.,0.,0.,0.,0.,0.,0.,0.,0.,0.,0.,0.,0.,0.,0.,0.,0.,0.,0.,0.,0.,0.,0.,1.,0.,0.,0.,0.,
       0.,0.,0.,0.,0.,0.,0.,0.,0.,0.,0.,0.,0.,0.,0.,0.,0.,0.,0.,0.,0.,0.,0.,0.,0.,0.,0.,0.,0.,0.,0.,0.,0.,0.,0.,0.,0.,0.,0.,0.,0.,0.,0.,0.,0.,0.,1.,0.,0.,0.,
       0.,0.,0.,0.,0.,0.,0.,0.,0.,0.,0.,0.,0.,0.,0.,0.,0.,0.,0.,0.,0.,0.,0.,0.,0.,0.,0.,0.,0.,0.,0.,0.,0.,0.,0.,0.,0.,0.,0.,0.,0.,0.,0.,0.,0.,0.,0.,1.,0.,0.,
       0.,0.,0.,0.,0.,0.,0.,0.,0.,0.,0.,0.,0.,0.,0.,0.,0.,0.,0.,0.,0.,0.,0.,0.,0.,0.,0.,0.,0.,0.,0.,0.,0.,0.,0.,0.,0.,0.,0.,0.,0.,0.,0.,0.,0.,0.,0.,0.,1.,0.,
       0.,0.,0.,0.,0.,0.,0.,0.,0.,0.,0.,0.,0.,0.,0.,0.,0.,0.,0.,0.,0.,0.,0.,0.,0.,0.,0.,0.,0.,0.,0.,0.,0.,0.,0.,0.,0.,0.,0.,0.,0.,0.,0.,0.,0.,0.,0.,0.,0.,1.;
		this->l << 1.,0.,0.,0.,0.,0.,0.,0.,0.,0.,0.,0.,0.,0.,0.,0.,0.,0.,0.,0.,0.,0.,0.,0.,0.,0.,0.,0.,0.,0.,0.,0.,0.,0.,0.,0.,0.,0.,0.,0.,0.,0.,0.,0.,0.,0.,0.,0.,0.,0.,0.;
		this->u <<  1.,inf,inf,inf,inf,inf,inf,inf,inf,inf,inf,inf,inf,inf,inf,inf,inf,inf,inf,inf,inf,inf,inf,inf,inf,inf,inf,inf,inf,inf,inf,inf,inf,inf,inf,inf,inf,inf,inf,inf,inf,inf,inf,inf,inf,inf,inf,inf,inf,inf,inf;
	}
};

using QP0018 = _QP0018<double>;

TEST(QPProblemSets, testQPQP0018default) {
	QP0018 qp;
	QPSolver<QP0018> prob;

	prob.settings().max_iter = 4000;
	prob.settings().verbose = true;
	prob.settings().alpha = 1.6;
	prob.settings().adaptive_rho = false;
	prob.settings().check_termination = 25;

	prob.setup(qp);
	prob.solve(qp);
	Eigen::VectorXd sol = prob.primal_solution();

	EXPECT_LT(prob.iter, prob.settings().max_iter);
	EXPECT_EQ(prob.info().status, SOLVED);
	// check feasibility (with some epsilon margin)
	Eigen::VectorXd lower = qp.A*sol - qp.l;
	Eigen::VectorXd upper = qp.A*sol - qp.u;
	EXPECT_GE(lower.minCoeff(), -1e-3);
